306 625 625 387 387 387 387 387 387 387 387 387 387 387 387 387 387 387 387 387 387 387 387 625 3
306 625 625 387 387 387 387 387 387 387 387 387 387 387 387 387 387 387 387 387 387 387 387 625 3
306 625 625 387 387 387 387 387 387 387 387 387 387 387 387 387 387 387 387 387 387 387 387 625 3
306 625 625 387 387 387 387 387 387 387 387 387 387 387 387 387 387 387 387 387 387 387 387 625 3
306 625 625 387 387 387 387 387 387 387 387 387 387 387 387 387 387 387 387 387 387 387 387 625 3387 625 3 3 190 190 190 774 774 774 774 774 8 8
387 625 3 3 190 190 190 774 774 774 774 774 8 8
387 625 3 3 190 190 190 774 774 774 774 774 8 8
387 625 3 3 190 190 190 774 774 774 774 774 8 8
387 625 3 3 190 190 190 774 774 774 774 774 8 8306 625 625 387 387 387 387 387 387 387 387 387 387 387 387 387 387 387 387 387 387 387 387 625 3
306 625 625 387 387 387 387 387 387 387 387 387 387 387 387 387 387 387 387 387 387 387 387 625 3
306 625 625 387 387 387 387 387 387 387 387 387 387 387 387 387 387 387 387 387 387 387 387 625 3
306 625 625 387 387 387 387 387 387 387 387 387 387 387 387 387 387 387 387 387 387 387 387 625 3
306 625 625 387 387 387 387 387 387 387 387 387 387 387 387 387 387 387 387 387 387 387 387 625 3